1.0	0.9999999999999996	0.9999999999999996	0.9999999999999996
1.2	0.9999999999999996	0.9999999999999996	0.9999999999999996
1.4	0.9999999999999996	0.9999999999999996	0.9999999999999996
1.6	0.9953282994040155	0.9953282994040155	0.9953282994040155
1.8	0.9895594065637213	0.9895594065637213	0.9895594065637213
2.0	0.9891731332791309	0.9891731332791309	0.9891731332791309
2.2	0.9828723230423699	0.9828723230423699	0.9828723230423699
2.4	0.9814498034660046	0.9814498034660046	0.9814498034660046
2.6	0.9814498034660046	0.9814498034660046	0.9814498034660046
2.8	0.9732956652494883	0.9732956652494883	0.9732956652494883
3.0	0.0	0.0	0.0
3.2	0.0	0.0	0.0
3.4	0.0	0.0	0.0
3.6	0.0	0.0	0.0
3.8	0.0	0.0	0.0
4.0	0.0	0.0	0.0
