1.0	1.0	1.0	1.0
1.2	1.0	1.0	1.0
1.4	1.0	1.0	1.0
1.5999999999999999	0.9934853893373781	0.9934853893373781	0.9934853893373781
1.7999999999999998	0.9906102454577447	0.9906102454577447	0.9906102454577447
1.9999999999999998	0.9882326969071917	0.9882326969071917	0.9882326969071917
2.1999999999999997	0.9874632463001658	0.9874632463001658	0.9874632463001658
2.4	0.9853412699818693	0.9853412699818693	0.9853412699818693
2.6	0.9850584934464237	0.9850584934464237	0.9850584934464237
2.8000000000000003	0.9809095718251709	0.9809095718251709	0.9809095718251709
3.0000000000000004	0.0	0.0	0.0
3.2000000000000006	0.0	0.0	0.0
3.400000000000001	0.0	0.0	0.0
3.600000000000001	0.0	0.0	0.0
3.800000000000001	0.0	0.0	0.0
4.000000000000001	0.0	0.0	0.0
